<?xml version="1.0"?>
<opencv_storage>
<intrinsic type_id="opencv-matrix">
  <rows>3</rows>
  <cols>3</cols>
  <dt>f</dt>
  <data>
    525. 0. 320. 0. 525. 240. 0. 0. 1.</data></intrinsic>
<R type_id="opencv-matrix">
  <rows>3</rows>
  <cols>3</cols>
  <dt>f</dt>
  <data>
    -8.07566941e-001 2.14073937e-002 5.89387417e-001 -2.46698614e-002
    9.97240841e-001 -7.00234175e-002 -5.89260757e-001 -7.10887164e-002
    -8.04810584e-001</data></R>
<t type_id="opencv-matrix">
  <rows>3</rows>
  <cols>1</cols>
  <dt>f</dt>
  <data>
    1.02029733e-001 7.00139701e-001 1.62339425e+000</data></t>
</opencv_storage>
