<?xml version="1.0"?>
<opencv_storage>
<intrinsic type_id="opencv-matrix">
  <rows>3</rows>
  <cols>3</cols>
  <dt>f</dt>
  <data>
    525. 0. 320. 0. 525. 240. 0. 0. 1.</data></intrinsic>
<R type_id="opencv-matrix">
  <rows>3</rows>
  <cols>3</cols>
  <dt>f</dt>
  <data>
    3.82878661e-001 -3.56999859e-002 -9.23110068e-001 3.42013575e-002
    9.99117494e-001 -2.44539157e-002 9.23166990e-001 -2.22085845e-002
    3.83760661e-001</data></R>
<t type_id="opencv-matrix">
  <rows>3</rows>
  <cols>1</cols>
  <dt>f</dt>
  <data>
    1.53365684e+000 6.56741798e-001 4.71574783e-001</data></t>
</opencv_storage>
