<?xml version="1.0"?>
<opencv_storage>
<intrinsic type_id="opencv-matrix">
  <rows>3</rows>
  <cols>3</cols>
  <dt>f</dt>
  <data>
    525. 0. 320. 0. 525. 240. 0. 0. 1.</data></intrinsic>
<R type_id="opencv-matrix">
  <rows>3</rows>
  <cols>3</cols>
  <dt>f</dt>
  <data>
    -8.92183661e-001 1.59748718e-002 4.51390922e-001 -1.73280425e-002
    9.97428775e-001 -6.95486441e-002 -4.51341629e-001 -6.98718354e-002
    -8.89612377e-001</data></R>
<t type_id="opencv-matrix">
  <rows>3</rows>
  <cols>1</cols>
  <dt>f</dt>
  <data>
    2.32244968e-001 6.99967980e-001 1.69533515e+000</data></t>
</opencv_storage>
