<?xml version="1.0"?>
<opencv_storage>
<intrinsic type_id="opencv-matrix">
  <rows>3</rows>
  <cols>3</cols>
  <dt>f</dt>
  <data>
    525. 0. 320. 0. 525. 240. 0. 0. 1.</data></intrinsic>
<R type_id="opencv-matrix">
  <rows>3</rows>
  <cols>3</cols>
  <dt>f</dt>
  <data>
    -9.41234455e-002 3.72735932e-002 9.94862616e-001 -4.34189625e-002
    9.98195112e-001 -4.15062234e-002 -9.94613230e-001 -4.71026152e-002
    -9.23353359e-002</data></R>
<t type_id="opencv-matrix">
  <rows>3</rows>
  <cols>1</cols>
  <dt>f</dt>
  <data>
    -3.02376539e-001 6.71224773e-001 9.47729528e-001</data></t>
</opencv_storage>
