<?xml version="1.0"?>
<opencv_storage>
<intrinsic type_id="opencv-matrix">
  <rows>3</rows>
  <cols>3</cols>
  <dt>f</dt>
  <data>
    525. 0. 320. 0. 525. 240. 0. 0. 1.</data></intrinsic>
<R type_id="opencv-matrix">
  <rows>3</rows>
  <cols>3</cols>
  <dt>f</dt>
  <data>
    9.42368746e-001 1.42405704e-002 3.34272087e-001 -1.68354455e-002
    9.99846280e-001 4.86672856e-003 -3.34151417e-001 -1.02138733e-002
    9.42463756e-001</data></R>
<t type_id="opencv-matrix">
  <rows>3</rows>
  <cols>1</cols>
  <dt>f</dt>
  <data>
    3.05424422e-001 6.21935606e-001 -6.45917580e-002</data></t>
</opencv_storage>
