<?xml version="1.0"?>
<opencv_storage>
<intrinsic type_id="opencv-matrix">
  <rows>3</rows>
  <cols>3</cols>
  <dt>f</dt>
  <data>
    525. 0. 320. 0. 525. 240. 0. 0. 1.</data></intrinsic>
<R type_id="opencv-matrix">
  <rows>3</rows>
  <cols>3</cols>
  <dt>f</dt>
  <data>
    8.11244011e-001 1.86878685e-002 5.84408700e-001 -1.83929112e-002
    9.99809980e-001 -6.43927976e-003 -5.84417820e-001 -5.52514847e-003
    8.11433554e-001</data></R>
<t type_id="opencv-matrix">
  <rows>3</rows>
  <cols>1</cols>
  <dt>f</dt>
  <data>
    6.88919798e-002 6.33381844e-001 6.01155534e-002</data></t>
</opencv_storage>
