<?xml version="1.0"?>
<opencv_storage>
<intrinsic type_id="opencv-matrix">
  <rows>3</rows>
  <cols>3</cols>
  <dt>f</dt>
  <data>
    525. 0. 320. 0. 525. 240. 0. 0. 1.</data></intrinsic>
<R type_id="opencv-matrix">
  <rows>3</rows>
  <cols>3</cols>
  <dt>f</dt>
  <data>
    -9.96456802e-001 1.55197259e-003 8.41110796e-002 -4.41734539e-003
    9.97485876e-001 -7.07372949e-002 -8.40097666e-002 -7.08580092e-002
    -9.93943512e-001</data></R>
<t type_id="opencv-matrix">
  <rows>3</rows>
  <cols>1</cols>
  <dt>f</dt>
  <data>
    5.91018736e-001 7.02032685e-001 1.78992283e+000</data></t>
</opencv_storage>
