<?xml version="1.0"?>
<opencv_storage>
<intrinsic type_id="opencv-matrix">
  <rows>3</rows>
  <cols>3</cols>
  <dt>f</dt>
  <data>
    525. 0. 320. 0. 525. 240. 0. 0. 1.</data></intrinsic>
<R type_id="opencv-matrix">
  <rows>3</rows>
  <cols>3</cols>
  <dt>f</dt>
  <data>
    -8.22428226e-001 -1.36777265e-002 -5.68707049e-001 2.26905979e-002
    9.98127520e-001 -5.68191521e-002 5.68418622e-001 -5.96338622e-002
    -8.20577204e-001</data></R>
<t type_id="opencv-matrix">
  <rows>3</rows>
  <cols>1</cols>
  <dt>f</dt>
  <data>
    1.20524848e+000 6.90066934e-001 1.61239791e+000</data></t>
</opencv_storage>
