<?xml version="1.0"?>
<opencv_storage>
<intrinsic type_id="opencv-matrix">
  <rows>3</rows>
  <cols>3</cols>
  <dt>f</dt>
  <data>
    525. 0. 320. 0. 525. 240. 0. 0. 1.</data></intrinsic>
<R type_id="opencv-matrix">
  <rows>3</rows>
  <cols>3</cols>
  <dt>f</dt>
  <data>
    -3.62855718e-002 -4.57558222e-002 -9.98295069e-001 1.79520417e-002
    9.98761892e-001 -4.64297943e-002 9.99181688e-001 -1.96059756e-002
    -3.54194976e-002</data></R>
<t type_id="opencv-matrix">
  <rows>3</rows>
  <cols>1</cols>
  <dt>f</dt>
  <data>
    1.60633790e+000 6.78475261e-001 8.66388142e-001</data></t>
</opencv_storage>
