<?xml version="1.0"?>
<opencv_storage>
<intrinsic type_id="opencv-matrix">
  <rows>3</rows>
  <cols>3</cols>
  <dt>f</dt>
  <data>
    525. 0. 320. 0. 525. 240. 0. 0. 1.</data></intrinsic>
<R type_id="opencv-matrix">
  <rows>3</rows>
  <cols>3</cols>
  <dt>f</dt>
  <data>
    -9.99886751e-001 -2.93683377e-003 -1.48554435e-002 -1.90620695e-003
    9.97620940e-001 -6.89198375e-002 1.50221149e-002 -6.88835382e-002
    -9.97512758e-001</data></R>
<t type_id="opencv-matrix">
  <rows>3</rows>
  <cols>1</cols>
  <dt>f</dt>
  <data>
    6.87898815e-001 7.00568497e-001 1.79055309e+000</data></t>
</opencv_storage>
