<?xml version="1.0"?>
<opencv_storage>
<intrinsic type_id="opencv-matrix">
  <rows>3</rows>
  <cols>3</cols>
  <dt>f</dt>
  <data>
    525. 0. 320. 0. 525. 240. 0. 0. 1.</data></intrinsic>
<R type_id="opencv-matrix">
  <rows>3</rows>
  <cols>3</cols>
  <dt>f</dt>
  <data>
    -9.34363723e-001 1.62130911e-002 3.55954081e-001 -9.70342197e-003
    9.97436821e-001 -7.09026903e-002 -3.56191576e-001 -6.97027519e-002
    -9.31810617e-001</data></R>
<t type_id="opencv-matrix">
  <rows>3</rows>
  <cols>1</cols>
  <dt>f</dt>
  <data>
    3.20397973e-001 7.01291919e-001 1.73303521e+000</data></t>
</opencv_storage>
