<?xml version="1.0"?>
<opencv_storage>
<intrinsic type_id="opencv-matrix">
  <rows>3</rows>
  <cols>3</cols>
  <dt>f</dt>
  <data>
    525. 0. 320. 0. 525. 240. 0. 0. 1.</data></intrinsic>
<R type_id="opencv-matrix">
  <rows>3</rows>
  <cols>3</cols>
  <dt>f</dt>
  <data>
    3.36760491e-001 2.94207688e-002 9.41130519e-001 -3.87827270e-002
    9.99097586e-001 -1.73554122e-002 -9.40791249e-001 -3.06549966e-002
    3.37596893e-001</data></R>
<t type_id="opencv-matrix">
  <rows>3</rows>
  <cols>1</cols>
  <dt>f</dt>
  <data>
    -2.55088657e-001 6.46113515e-001 5.28695047e-001</data></t>
</opencv_storage>
