<?xml version="1.0"?>
<opencv_storage>
<intrinsic type_id="opencv-matrix">
  <rows>3</rows>
  <cols>3</cols>
  <dt>f</dt>
  <data>
    525. 0. 320. 0. 525. 240. 0. 0. 1.</data></intrinsic>
<R type_id="opencv-matrix">
  <rows>3</rows>
  <cols>3</cols>
  <dt>f</dt>
  <data>
    7.22494483e-001 -2.97189411e-002 -6.90740585e-001 2.96617299e-002
    9.99490440e-001 -1.19778095e-002 6.90742433e-001 -1.18345898e-002
    7.23005474e-001</data></R>
<t type_id="opencv-matrix">
  <rows>3</rows>
  <cols>1</cols>
  <dt>f</dt>
  <data>
    1.31253040e+000 6.43481314e-001 1.44505501e-001</data></t>
</opencv_storage>
