<?xml version="1.0"?>
<opencv_storage>
<intrinsic type_id="opencv-matrix">
  <rows>3</rows>
  <cols>3</cols>
  <dt>f</dt>
  <data>
    525. 0. 320. 0. 525. 240. 0. 0. 1.</data></intrinsic>
<R type_id="opencv-matrix">
  <rows>3</rows>
  <cols>3</cols>
  <dt>f</dt>
  <data>
    -6.74569368e-001 -1.87360514e-002 -7.37975538e-001 3.05087138e-002
    9.98117447e-001 -5.32279983e-002 7.37582803e-001 -5.84204942e-002
    -6.72727168e-001</data></R>
<t type_id="opencv-matrix">
  <rows>3</rows>
  <cols>1</cols>
  <dt>f</dt>
  <data>
    1.36415935e+000 6.87164664e-001 1.47024322e+000</data></t>
</opencv_storage>
