<?xml version="1.0"?>
<opencv_storage>
<intrinsic type_id="opencv-matrix">
  <rows>3</rows>
  <cols>3</cols>
  <dt>f</dt>
  <data>
    525. 0. 320. 0. 525. 240. 0. 0. 1.</data></intrinsic>
<R type_id="opencv-matrix">
  <rows>3</rows>
  <cols>3</cols>
  <dt>f</dt>
  <data>
    1.85072094e-001 -5.16372584e-002 -9.81369019e-001 4.51269746e-002
    9.98013258e-001 -4.40029055e-002 9.81689870e-001 -3.61422785e-002
    1.87033907e-001</data></R>
<t type_id="opencv-matrix">
  <rows>3</rows>
  <cols>1</cols>
  <dt>f</dt>
  <data>
    1.59121931e+000 6.74109280e-001 6.58683240e-001</data></t>
</opencv_storage>
