<?xml version="1.0"?>
<opencv_storage>
<intrinsic type_id="opencv-matrix">
  <rows>3</rows>
  <cols>3</cols>
  <dt>f</dt>
  <data>
    525. 0. 320. 0. 525. 240. 0. 0. 1.</data></intrinsic>
<R type_id="opencv-matrix">
  <rows>3</rows>
  <cols>3</cols>
  <dt>f</dt>
  <data>
    -4.45616663e-001 3.30312289e-002 8.94614279e-001 -3.45346406e-002
    9.97941792e-001 -5.40483333e-002 -8.94557714e-001 -5.49800731e-002
    -4.43558693e-001</data></R>
<t type_id="opencv-matrix">
  <rows>3</rows>
  <cols>1</cols>
  <dt>f</dt>
  <data>
    -1.95491344e-001 6.83780253e-001 1.28198338e+000</data></t>
</opencv_storage>
