<?xml version="1.0"?>
<opencv_storage>
<intrinsic type_id="opencv-matrix">
  <rows>3</rows>
  <cols>3</cols>
  <dt>f</dt>
  <data>
    525. 0. 320. 0. 525. 240. 0. 0. 1.</data></intrinsic>
<R type_id="opencv-matrix">
  <rows>3</rows>
  <cols>3</cols>
  <dt>f</dt>
  <data>
    1.05468370e-001 -4.77345064e-002 -9.93278027e-001 2.40512807e-002
    9.98679399e-001 -4.54403721e-002 9.94133353e-001 -1.90968923e-002
    1.06476635e-001</data></R>
<t type_id="opencv-matrix">
  <rows>3</rows>
  <cols>1</cols>
  <dt>f</dt>
  <data>
    1.60293388e+000 6.75964534e-001 7.33336210e-001</data></t>
</opencv_storage>
