<?xml version="1.0"?>
<opencv_storage>
<intrinsic type_id="opencv-matrix">
  <rows>3</rows>
  <cols>3</cols>
  <dt>f</dt>
  <data>
    525. 0. 320. 0. 525. 240. 0. 0. 1.</data></intrinsic>
<R type_id="opencv-matrix">
  <rows>3</rows>
  <cols>3</cols>
  <dt>f</dt>
  <data>
    -7.89488256e-001 -1.44069223e-002 -6.13598824e-001 2.45390832e-002
    9.98185217e-001 -5.50099686e-002 6.13277018e-001 -5.84867410e-002
    -7.87701249e-001</data></R>
<t type_id="opencv-matrix">
  <rows>3</rows>
  <cols>1</cols>
  <dt>f</dt>
  <data>
    1.24693012e+000 6.88141048e-001 1.58086944e+000</data></t>
</opencv_storage>
