<?xml version="1.0"?>
<opencv_storage>
<intrinsic type_id="opencv-matrix">
  <rows>3</rows>
  <cols>3</cols>
  <dt>f</dt>
  <data>
    525. 0. 320. 0. 525. 240. 0. 0. 1.</data></intrinsic>
<R type_id="opencv-matrix">
  <rows>3</rows>
  <cols>3</cols>
  <dt>f</dt>
  <data>
    5.35534263e-001 2.41563506e-002 8.44167709e-001 -3.05880774e-002
    9.99490201e-001 -9.19610634e-003 -8.43959212e-001 -2.08966453e-002
    5.35999537e-001</data></R>
<t type_id="opencv-matrix">
  <rows>3</rows>
  <cols>1</cols>
  <dt>f</dt>
  <data>
    -1.67368218e-001 6.37339950e-001 3.35437328e-001</data></t>
</opencv_storage>
