<?xml version="1.0"?>
<opencv_storage>
<intrinsic type_id="opencv-matrix">
  <rows>3</rows>
  <cols>3</cols>
  <dt>f</dt>
  <data>
    525. 0. 320. 0. 525. 240. 0. 0. 1.</data></intrinsic>
<R type_id="opencv-matrix">
  <rows>3</rows>
  <cols>3</cols>
  <dt>f</dt>
  <data>
    -9.74254191e-001 -7.12387206e-004 -2.25457445e-001 1.34627903e-002
    9.98027205e-001 -6.13292307e-002 2.25056052e-001 -6.27853945e-002
    -9.72322166e-001</data></R>
<t type_id="opencv-matrix">
  <rows>3</rows>
  <cols>1</cols>
  <dt>f</dt>
  <data>
    8.74567389e-001 6.93277121e-001 1.76053703e+000</data></t>
</opencv_storage>
