<?xml version="1.0"?>
<opencv_storage>
<intrinsic type_id="opencv-matrix">
  <rows>3</rows>
  <cols>3</cols>
  <dt>f</dt>
  <data>
    525. 0. 320. 0. 525. 240. 0. 0. 1.</data></intrinsic>
<R type_id="opencv-matrix">
  <rows>3</rows>
  <cols>3</cols>
  <dt>f</dt>
  <data>
    7.68599689e-001 1.89182926e-002 6.39449716e-001 -1.67834032e-002
    9.99814808e-001 -9.40663181e-003 -6.39509082e-001 -3.50220338e-003
    7.68774807e-001</data></R>
<t type_id="opencv-matrix">
  <rows>3</rows>
  <cols>1</cols>
  <dt>f</dt>
  <data>
    1.72954816e-002 6.36500597e-001 1.03435010e-001</data></t>
</opencv_storage>
