<?xml version="1.0"?>
<opencv_storage>
<intrinsic type_id="opencv-matrix">
  <rows>3</rows>
  <cols>3</cols>
  <dt>f</dt>
  <data>
    525. 0. 320. 0. 525. 240. 0. 0. 1.</data></intrinsic>
<R type_id="opencv-matrix">
  <rows>3</rows>
  <cols>3</cols>
  <dt>f</dt>
  <data>
    -1.41100258e-001 -3.04108821e-002 -9.89529371e-001 3.54303382e-002
    9.98734355e-001 -3.57459113e-002 9.89362538e-001 -4.01029140e-002
    -1.39844283e-001</data></R>
<t type_id="opencv-matrix">
  <rows>3</rows>
  <cols>1</cols>
  <dt>f</dt>
  <data>
    1.59771502e+000 6.70295060e-001 9.61926460e-001</data></t>
</opencv_storage>
