<?xml version="1.0"?>
<opencv_storage>
<intrinsic type_id="opencv-matrix">
  <rows>3</rows>
  <cols>3</cols>
  <dt>f</dt>
  <data>
    525. 0. 320. 0. 525. 240. 0. 0. 1.</data></intrinsic>
<R type_id="opencv-matrix">
  <rows>3</rows>
  <cols>3</cols>
  <dt>f</dt>
  <data>
    1.59467459e-001 3.28228325e-002 9.86657381e-001 -4.50045429e-002
    9.98650372e-001 -2.59479489e-002 -9.86176848e-001 -4.02662307e-002
    1.60728976e-001</data></R>
<t type_id="opencv-matrix">
  <rows>3</rows>
  <cols>1</cols>
  <dt>f</dt>
  <data>
    -2.94589758e-001 6.55343592e-001 7.00875163e-001</data></t>
</opencv_storage>
