<?xml version="1.0"?>
<opencv_storage>
<intrinsic type_id="opencv-matrix">
  <rows>3</rows>
  <cols>3</cols>
  <dt>f</dt>
  <data>
    525. 0. 320. 0. 525. 240. 0. 0. 1.</data></intrinsic>
<R type_id="opencv-matrix">
  <rows>3</rows>
  <cols>3</cols>
  <dt>f</dt>
  <data>
    9.71149147e-001 -1.60734747e-002 -2.37939298e-001 1.71621870e-002
    9.99852359e-001 2.50373804e-003 2.37861797e-001 -6.51508523e-003
    9.71278965e-001</data></R>
<t type_id="opencv-matrix">
  <rows>3</rows>
  <cols>1</cols>
  <dt>f</dt>
  <data>
    8.81209195e-001 6.28983498e-001 -7.93748423e-002</data></t>
</opencv_storage>
