<?xml version="1.0"?>
<opencv_storage>
<intrinsic type_id="opencv-matrix">
  <rows>3</rows>
  <cols>3</cols>
  <dt>f</dt>
  <data>
    525. 0. 320. 0. 525. 240. 0. 0. 1.</data></intrinsic>
<R type_id="opencv-matrix">
  <rows>3</rows>
  <cols>3</cols>
  <dt>f</dt>
  <data>
    7.58218527e-001 -3.14092860e-002 -6.51246786e-001 3.03839464e-002
    9.99458075e-001 -1.28289349e-002 6.51294589e-001 -1.00602536e-002
    7.58759499e-001</data></R>
<t type_id="opencv-matrix">
  <rows>3</rows>
  <cols>1</cols>
  <dt>f</dt>
  <data>
    1.27587390e+000 6.44026220e-001 1.09035857e-001</data></t>
</opencv_storage>
