<?xml version="1.0"?>
<opencv_storage>
<intrinsic type_id="opencv-matrix">
  <rows>3</rows>
  <cols>3</cols>
  <dt>f</dt>
  <data>
    525. 0. 320. 0. 525. 240. 0. 0. 1.</data></intrinsic>
<R type_id="opencv-matrix">
  <rows>3</rows>
  <cols>3</cols>
  <dt>f</dt>
  <data>
    6.41887903e-001 -2.60314588e-002 -7.66359031e-001 2.85437778e-002
    9.99544144e-001 -1.00447349e-002 7.66269267e-001 -1.54270995e-002
    6.42336011e-001</data></R>
<t type_id="opencv-matrix">
  <rows>3</rows>
  <cols>1</cols>
  <dt>f</dt>
  <data>
    1.38388073e+000 6.41496539e-001 2.24787161e-001</data></t>
</opencv_storage>
