<?xml version="1.0"?>
<opencv_storage>
<intrinsic type_id="opencv-matrix">
  <rows>3</rows>
  <cols>3</cols>
  <dt>f</dt>
  <data>
    525. 0. 320. 0. 525. 240. 0. 0. 1.</data></intrinsic>
<R type_id="opencv-matrix">
  <rows>3</rows>
  <cols>3</cols>
  <dt>f</dt>
  <data>
    -3.05921435e-001 -2.17295121e-002 -9.51810062e-001 4.28461209e-002
    9.98413980e-001 -3.65646146e-002 9.51093793e-001 -5.19670509e-002
    -3.04504871e-001</data></R>
<t type_id="opencv-matrix">
  <rows>3</rows>
  <cols>1</cols>
  <dt>f</dt>
  <data>
    1.56869483e+000 6.70665205e-001 1.11709630e+000</data></t>
</opencv_storage>
