<?xml version="1.0"?>
<opencv_storage>
<intrinsic type_id="opencv-matrix">
  <rows>3</rows>
  <cols>3</cols>
  <dt>f</dt>
  <data>
    525. 0. 320. 0. 525. 240. 0. 0. 1.</data></intrinsic>
<R type_id="opencv-matrix">
  <rows>3</rows>
  <cols>3</cols>
  <dt>f</dt>
  <data>
    -2.02450752e-001 4.07316908e-002 9.78445053e-001 -3.62479761e-002
    9.98139143e-001 -4.90515344e-002 -9.78621364e-001 -4.53972109e-002
    -2.00597689e-001</data></R>
<t type_id="opencv-matrix">
  <rows>3</rows>
  <cols>1</cols>
  <dt>f</dt>
  <data>
    -2.85616487e-001 6.78416967e-001 1.05049407e+000</data></t>
</opencv_storage>
