<?xml version="1.0"?>
<opencv_storage>
<intrinsic type_id="opencv-matrix">
  <rows>3</rows>
  <cols>3</cols>
  <dt>f</dt>
  <data>
    525. 0. 320. 0. 525. 240. 0. 0. 1.</data></intrinsic>
<R type_id="opencv-matrix">
  <rows>3</rows>
  <cols>3</cols>
  <dt>f</dt>
  <data>
    -7.57541060e-001 -1.31633161e-002 -6.52656913e-001 2.69411858e-002
    9.98315454e-001 -5.14054745e-002 6.52233481e-001 -5.65249622e-002
    -7.55909503e-001</data></R>
<t type_id="opencv-matrix">
  <rows>3</rows>
  <cols>1</cols>
  <dt>f</dt>
  <data>
    1.28309679e+000 6.84489667e-001 1.54991770e+000</data></t>
</opencv_storage>
