<?xml version="1.0"?>
<opencv_storage>
<intrinsic type_id="opencv-matrix">
  <rows>3</rows>
  <cols>3</cols>
  <dt>f</dt>
  <data>
    525. 0. 320. 0. 525. 240. 0. 0. 1.</data></intrinsic>
<R type_id="opencv-matrix">
  <rows>3</rows>
  <cols>3</cols>
  <dt>f</dt>
  <data>
    4.90319729e-001 2.36718096e-002 8.71220946e-001 -3.16649526e-002
    9.99455571e-001 -9.33511648e-003 -8.70966852e-001 -2.30099820e-002
    4.90801722e-001</data></R>
<t type_id="opencv-matrix">
  <rows>3</rows>
  <cols>1</cols>
  <dt>f</dt>
  <data>
    -1.92269787e-001 6.37519896e-001 3.79713148e-001</data></t>
</opencv_storage>
