<?xml version="1.0"?>
<opencv_storage>
<intrinsic type_id="opencv-matrix">
  <rows>3</rows>
  <cols>3</cols>
  <dt>f</dt>
  <data>
    525. 0. 320. 0. 525. 240. 0. 0. 1.</data></intrinsic>
<R type_id="opencv-matrix">
  <rows>3</rows>
  <cols>3</cols>
  <dt>f</dt>
  <data>
    -3.77968132e-001 -2.28728764e-002 -9.25537467e-001 3.88458408e-002
    9.98424292e-001 -4.05378342e-002 9.25005078e-001 -5.12750670e-002
    -3.76483530e-001</data></R>
<t type_id="opencv-matrix">
  <rows>3</rows>
  <cols>1</cols>
  <dt>f</dt>
  <data>
    1.54325068e+000 6.74570560e-001 1.18721044e+000</data></t>
</opencv_storage>
