<?xml version="1.0"?>
<opencv_storage>
<intrinsic type_id="opencv-matrix">
  <rows>3</rows>
  <cols>3</cols>
  <dt>f</dt>
  <data>
    525. 0. 320. 0. 525. 240. 0. 0. 1.</data></intrinsic>
<R type_id="opencv-matrix">
  <rows>3</rows>
  <cols>3</cols>
  <dt>f</dt>
  <data>
    7.93800473e-001 -3.22751477e-002 -6.07325077e-001 3.06404736e-002
    9.99447465e-001 -1.30656585e-002 6.07408583e-001 -8.23714491e-003
    7.94348061e-001</data></R>
<t type_id="opencv-matrix">
  <rows>3</rows>
  <cols>1</cols>
  <dt>f</dt>
  <data>
    1.23324680e+000 6.44370139e-001 7.47964755e-002</data></t>
</opencv_storage>
