<?xml version="1.0"?>
<opencv_storage>
<intrinsic type_id="opencv-matrix">
  <rows>3</rows>
  <cols>3</cols>
  <dt>f</dt>
  <data>
    525. 0. 320. 0. 525. 240. 0. 0. 1.</data></intrinsic>
<R type_id="opencv-matrix">
  <rows>3</rows>
  <cols>3</cols>
  <dt>f</dt>
  <data>
    -6.17273510e-001 3.14000249e-002 7.86121786e-001 -2.96137426e-002
    9.97568607e-001 -6.30989671e-002 -7.86191165e-001 -6.22293875e-002
    -6.14842772e-001</data></R>
<t type_id="opencv-matrix">
  <rows>3</rows>
  <cols>1</cols>
  <dt>f</dt>
  <data>
    -9.43455398e-002 6.92551732e-001 1.44112194e+000</data></t>
</opencv_storage>
