<?xml version="1.0"?>
<opencv_storage>
<intrinsic type_id="opencv-matrix">
  <rows>3</rows>
  <cols>3</cols>
  <dt>f</dt>
  <data>
    525. 0. 320. 0. 525. 240. 0. 0. 1.</data></intrinsic>
<R type_id="opencv-matrix">
  <rows>3</rows>
  <cols>3</cols>
  <dt>f</dt>
  <data>
    6.71606243e-001 1.84827857e-002 7.40677297e-001 -1.93944443e-002
    9.99785125e-001 -7.36267911e-003 -7.40653813e-001 -9.42020211e-003
    6.71819985e-001</data></R>
<t type_id="opencv-matrix">
  <rows>3</rows>
  <cols>1</cols>
  <dt>f</dt>
  <data>
    -7.27493390e-002 6.35049164e-001 2.00835556e-001</data></t>
</opencv_storage>
