<?xml version="1.0"?>
<opencv_storage>
<intrinsic type_id="opencv-matrix">
  <rows>3</rows>
  <cols>3</cols>
  <dt>f</dt>
  <data>
    525. 0. 320. 0. 525. 240. 0. 0. 1.</data></intrinsic>
<R type_id="opencv-matrix">
  <rows>3</rows>
  <cols>3</cols>
  <dt>f</dt>
  <data>
    2.84716666e-001 -3.92750539e-002 -9.57808256e-001 4.08908874e-002
    9.98750150e-001 -2.87988689e-002 9.57740843e-001 -3.09659205e-002
    2.85966039e-001</data></R>
<t type_id="opencv-matrix">
  <rows>3</rows>
  <cols>1</cols>
  <dt>f</dt>
  <data>
    1.56591189e+000 6.60734415e-001 5.65844059e-001</data></t>
</opencv_storage>
