<?xml version="1.0"?>
<opencv_storage>
<intrinsic type_id="opencv-matrix">
  <rows>3</rows>
  <cols>3</cols>
  <dt>f</dt>
  <data>
    525. 0. 320. 0. 525. 240. 0. 0. 1.</data></intrinsic>
<R type_id="opencv-matrix">
  <rows>3</rows>
  <cols>3</cols>
  <dt>f</dt>
  <data>
    -2.32719518e-002 3.59113105e-002 9.99083817e-001 -4.47864905e-002
    9.98314679e-001 -3.69268321e-002 -9.98725414e-001 -4.56048325e-002
    -2.16246452e-002</data></R>
<t type_id="opencv-matrix">
  <rows>3</rows>
  <cols>1</cols>
  <dt>f</dt>
  <data>
    -3.06162149e-001 6.66841149e-001 8.79198730e-001</data></t>
</opencv_storage>
