<?xml version="1.0"?>
<opencv_storage>
<intrinsic type_id="opencv-matrix">
  <rows>3</rows>
  <cols>3</cols>
  <dt>f</dt>
  <data>
    525. 0. 320. 0. 525. 240. 0. 0. 1.</data></intrinsic>
<R type_id="opencv-matrix">
  <rows>3</rows>
  <cols>3</cols>
  <dt>f</dt>
  <data>
    -5.05593598e-001 -2.24014036e-002 -8.62482369e-001 3.46396565e-002
    9.98330951e-001 -4.62358072e-002 8.62078071e-001 -5.32524474e-002
    -5.03973246e-001</data></R>
<t type_id="opencv-matrix">
  <rows>3</rows>
  <cols>1</cols>
  <dt>f</dt>
  <data>
    1.48012316e+000 6.80358708e-001 1.30874908e+000</data></t>
</opencv_storage>
