<?xml version="1.0"?>
<opencv_storage>
<intrinsic type_id="opencv-matrix">
  <rows>3</rows>
  <cols>3</cols>
  <dt>f</dt>
  <data>
    525. 0. 320. 0. 525. 240. 0. 0. 1.</data></intrinsic>
<R type_id="opencv-matrix">
  <rows>3</rows>
  <cols>3</cols>
  <dt>f</dt>
  <data>
    6.30089760e-001 2.10536383e-002 7.76236475e-001 -2.34328099e-002
    9.99693096e-001 -8.09338689e-003 -7.76167989e-001 -1.30898422e-002
    6.30389094e-001</data></R>
<t type_id="opencv-matrix">
  <rows>3</rows>
  <cols>1</cols>
  <dt>f</dt>
  <data>
    -1.05247803e-001 6.36106133e-001 2.42214039e-001</data></t>
</opencv_storage>
