<?xml version="1.0"?>
<opencv_storage>
<intrinsic type_id="opencv-matrix">
  <rows>3</rows>
  <cols>3</cols>
  <dt>f</dt>
  <data>
    525. 0. 320. 0. 525. 240. 0. 0. 1.</data></intrinsic>
<R type_id="opencv-matrix">
  <rows>3</rows>
  <cols>3</cols>
  <dt>f</dt>
  <data>
    -8.47225547e-001 -1.06850015e-002 -5.31128705e-001 2.28511039e-002
    9.98140216e-001 -5.65307774e-002 5.30744374e-001 -6.00310825e-002
    -8.45405161e-001</data></R>
<t type_id="opencv-matrix">
  <rows>3</rows>
  <cols>1</cols>
  <dt>f</dt>
  <data>
    1.17104638e+000 6.89592183e-001 1.63552976e+000</data></t>
</opencv_storage>
