<?xml version="1.0"?>
<opencv_storage>
<intrinsic type_id="opencv-matrix">
  <rows>3</rows>
  <cols>3</cols>
  <dt>f</dt>
  <data>
    525. 0. 320. 0. 525. 240. 0. 0. 1.</data></intrinsic>
<R type_id="opencv-matrix">
  <rows>3</rows>
  <cols>3</cols>
  <dt>f</dt>
  <data>
    9.82957542e-001 5.46790799e-003 1.83750540e-001 -6.20149262e-003
    9.99975026e-001 3.41784814e-003 -1.83727235e-001 -4.49912669e-003
    9.82966840e-001</data></R>
<t type_id="opencv-matrix">
  <rows>3</rows>
  <cols>1</cols>
  <dt>f</dt>
  <data>
    4.53069597e-001 6.23271644e-001 -1.06520005e-001</data></t>
</opencv_storage>
