<?xml version="1.0"?>
<opencv_storage>
<intrinsic type_id="opencv-matrix">
  <rows>3</rows>
  <cols>3</cols>
  <dt>f</dt>
  <data>
    525. 0. 320. 0. 525. 240. 0. 0. 1.</data></intrinsic>
<R type_id="opencv-matrix">
  <rows>3</rows>
  <cols>3</cols>
  <dt>f</dt>
  <data>
    9.90815103e-001 2.80181551e-003 1.35192722e-001 -3.21271736e-003
    9.99990821e-001 2.82130158e-003 -1.35183588e-001 -3.22972517e-003
    9.90815163e-001</data></R>
<t type_id="opencv-matrix">
  <rows>3</rows>
  <cols>1</cols>
  <dt>f</dt>
  <data>
    4.99212176e-001 6.23932838e-001 -1.14573404e-001</data></t>
</opencv_storage>
