<?xml version="1.0"?>
<opencv_storage>
<intrinsic type_id="opencv-matrix">
  <rows>3</rows>
  <cols>3</cols>
  <dt>f</dt>
  <data>
    525. 0. 320. 0. 525. 240. 0. 0. 1.</data></intrinsic>
<R type_id="opencv-matrix">
  <rows>3</rows>
  <cols>3</cols>
  <dt>f</dt>
  <data>
    4.50910740e-002 3.23343389e-002 9.98459339e-001 -4.38656360e-002
    9.98576880e-001 -3.03571057e-002 -9.98019516e-001 -4.24292274e-002
    4.64449413e-002</data></R>
<t type_id="opencv-matrix">
  <rows>3</rows>
  <cols>1</cols>
  <dt>f</dt>
  <data>
    -3.05425853e-001 6.60166264e-001 8.12775731e-001</data></t>
</opencv_storage>
