<?xml version="1.0"?>
<opencv_storage>
<intrinsic type_id="opencv-matrix">
  <rows>3</rows>
  <cols>3</cols>
  <dt>f</dt>
  <data>
    525. 0. 320. 0. 525. 240. 0. 0. 1.</data></intrinsic>
<R type_id="opencv-matrix">
  <rows>3</rows>
  <cols>3</cols>
  <dt>f</dt>
  <data>
    3.32886398e-001 -3.83763090e-002 -9.42187190e-001 3.85579541e-002
    9.98891711e-001 -2.70630904e-002 9.42179978e-001 -2.73197070e-002
    3.33996177e-001</data></R>
<t type_id="opencv-matrix">
  <rows>3</rows>
  <cols>1</cols>
  <dt>f</dt>
  <data>
    1.55080068e+000 6.58338428e-001 5.19741118e-001</data></t>
</opencv_storage>
