<?xml version="1.0"?>
<opencv_storage>
<intrinsic type_id="opencv-matrix">
  <rows>3</rows>
  <cols>3</cols>
  <dt>f</dt>
  <data>
    525. 0. 320. 0. 525. 240. 0. 0. 1.</data></intrinsic>
<R type_id="opencv-matrix">
  <rows>3</rows>
  <cols>3</cols>
  <dt>f</dt>
  <data>
    -3.63469541e-001 4.21426781e-002 9.30652261e-001 -3.55478562e-002
    9.97622311e-001 -5.90585619e-002 -9.30927634e-001 -5.45487441e-002
    -3.61107230e-001</data></R>
<t type_id="opencv-matrix">
  <rows>3</rows>
  <cols>1</cols>
  <dt>f</dt>
  <data>
    -2.33889088e-001 6.88033402e-001 1.20734692e+000</data></t>
</opencv_storage>
