<?xml version="1.0"?>
<opencv_storage>
<intrinsic type_id="opencv-matrix">
  <rows>3</rows>
  <cols>3</cols>
  <dt>f</dt>
  <data>
    525. 0. 320. 0. 525. 240. 0. 0. 1.</data></intrinsic>
<R type_id="opencv-matrix">
  <rows>3</rows>
  <cols>3</cols>
  <dt>f</dt>
  <data>
    9.72748637e-001 9.49965324e-003 2.31666461e-001 -1.05601083e-002
    9.99938726e-001 3.33781401e-003 -2.31620491e-001 -5.69327548e-003
    9.72789526e-001</data></R>
<t type_id="opencv-matrix">
  <rows>3</rows>
  <cols>1</cols>
  <dt>f</dt>
  <data>
    4.06688601e-001 6.23515606e-001 -9.56925750e-002</data></t>
</opencv_storage>
