<?xml version="1.0"?>
<opencv_storage>
<intrinsic type_id="opencv-matrix">
  <rows>3</rows>
  <cols>3</cols>
  <dt>f</dt>
  <data>
    525. 0. 320. 0. 525. 240. 0. 0. 1.</data></intrinsic>
<R type_id="opencv-matrix">
  <rows>3</rows>
  <cols>3</cols>
  <dt>f</dt>
  <data>
    -6.56481326e-001 3.06552295e-002 7.53719032e-001 -2.84722280e-002
    9.97455776e-001 -6.53675124e-002 -7.53804862e-001 -6.43726513e-002
    -6.53938115e-001</data></R>
<t type_id="opencv-matrix">
  <rows>3</rows>
  <cols>1</cols>
  <dt>f</dt>
  <data>
    -6.24880120e-002 6.94916487e-001 1.47777367e+000</data></t>
</opencv_storage>
