<?xml version="1.0"?>
<opencv_storage>
<intrinsic type_id="opencv-matrix">
  <rows>3</rows>
  <cols>3</cols>
  <dt>f</dt>
  <data>
    525. 0. 320. 0. 525. 240. 0. 0. 1.</data></intrinsic>
<R type_id="opencv-matrix">
  <rows>3</rows>
  <cols>3</cols>
  <dt>f</dt>
  <data>
    -2.02250957e-001 -2.38070320e-002 -9.79045570e-001 3.75576057e-002
    9.98782039e-001 -3.20455953e-002 9.78614807e-001 -4.32516560e-002
    -2.01110393e-001</data></R>
<t type_id="opencv-matrix">
  <rows>3</rows>
  <cols>1</cols>
  <dt>f</dt>
  <data>
    1.59098971e+000 6.65940762e-001 1.01688862e+000</data></t>
</opencv_storage>
