<?xml version="1.0"?>
<opencv_storage>
<intrinsic type_id="opencv-matrix">
  <rows>3</rows>
  <cols>3</cols>
  <dt>f</dt>
  <data>
    525. 0. 320. 0. 525. 240. 0. 0. 1.</data></intrinsic>
<R type_id="opencv-matrix">
  <rows>3</rows>
  <cols>3</cols>
  <dt>f</dt>
  <data>
    9.96079504e-001 -1.23646613e-002 -8.76136497e-002 1.27253514e-002
    9.99915481e-001 3.55711137e-003 8.75605345e-002 -4.65814164e-003
    9.96150374e-001</data></R>
<t type_id="opencv-matrix">
  <rows>3</rows>
  <cols>1</cols>
  <dt>f</dt>
  <data>
    7.35118926e-001 6.27675831e-001 -1.05549663e-001</data></t>
</opencv_storage>
