<?xml version="1.0"?>
<opencv_storage>
<intrinsic type_id="opencv-matrix">
  <rows>3</rows>
  <cols>3</cols>
  <dt>f</dt>
  <data>
    525. 0. 320. 0. 525. 240. 0. 0. 1.</data></intrinsic>
<R type_id="opencv-matrix">
  <rows>3</rows>
  <cols>3</cols>
  <dt>f</dt>
  <data>
    -9.97669935e-001 -6.39971392e-003 -6.79454207e-002 -1.96795724e-003
    9.97877836e-001 -6.50925934e-002 6.82173818e-002 -6.48070797e-002
    -9.95564699e-001</data></R>
<t type_id="opencv-matrix">
  <rows>3</rows>
  <cols>1</cols>
  <dt>f</dt>
  <data>
    7.35669553e-001 6.97349489e-001 1.78581274e+000</data></t>
</opencv_storage>
