<?xml version="1.0"?>
<opencv_storage>
<intrinsic type_id="opencv-matrix">
  <rows>3</rows>
  <cols>3</cols>
  <dt>f</dt>
  <data>
    525. 0. 320. 0. 525. 240. 0. 0. 1.</data></intrinsic>
<R type_id="opencv-matrix">
  <rows>3</rows>
  <cols>3</cols>
  <dt>f</dt>
  <data>
    9.00752485e-001 -2.04709880e-002 -4.33855385e-001 2.03549359e-002
    9.99783337e-001 -4.91410028e-003 4.33859408e-001 -4.40469012e-003
    9.00971174e-001</data></R>
<t type_id="opencv-matrix">
  <rows>3</rows>
  <cols>1</cols>
  <dt>f</dt>
  <data>
    1.06405926e+000 6.35867655e-001 -1.76559035e-002</data></t>
</opencv_storage>
