<?xml version="1.0"?>
<opencv_storage>
<intrinsic type_id="opencv-matrix">
  <rows>3</rows>
  <cols>3</cols>
  <dt>f</dt>
  <data>
    525. 0. 320. 0. 525. 240. 0. 0. 1.</data></intrinsic>
<R type_id="opencv-matrix">
  <rows>3</rows>
  <cols>3</cols>
  <dt>f</dt>
  <data>
    -9.22931790e-001 -9.16119572e-003 -3.84858280e-001 1.61317308e-002
    9.97919023e-001 -6.24400899e-002 3.84629130e-001 -6.38362318e-002
    -9.20862913e-001</data></R>
<t type_id="opencv-matrix">
  <rows>3</rows>
  <cols>1</cols>
  <dt>f</dt>
  <data>
    1.03172970e+000 6.94903314e-001 1.71225631e+000</data></t>
</opencv_storage>
