<?xml version="1.0"?>
<opencv_storage>
<intrinsic type_id="opencv-matrix">
  <rows>3</rows>
  <cols>3</cols>
  <dt>f</dt>
  <data>
    525. 0. 320. 0. 525. 240. 0. 0. 1.</data></intrinsic>
<R type_id="opencv-matrix">
  <rows>3</rows>
  <cols>3</cols>
  <dt>f</dt>
  <data>
    1.03615642e-001 3.09142023e-002 9.94136810e-001 -4.38235700e-002
    9.98688757e-001 -2.64881290e-002 -9.93651688e-001 -4.08220589e-002
    1.04834154e-001</data></R>
<t type_id="opencv-matrix">
  <rows>3</rows>
  <cols>1</cols>
  <dt>f</dt>
  <data>
    -3.01075697e-001 6.55575514e-001 7.55137682e-001</data></t>
</opencv_storage>
