<?xml version="1.0"?>
<opencv_storage>
<intrinsic type_id="opencv-matrix">
  <rows>3</rows>
  <cols>3</cols>
  <dt>f</dt>
  <data>
    525. 0. 320. 0. 525. 240. 0. 0. 1.</data></intrinsic>
<R type_id="opencv-matrix">
  <rows>3</rows>
  <cols>3</cols>
  <dt>f</dt>
  <data>
    -9.70227793e-002 -3.74240503e-002 -9.94579792e-001 2.88817734e-002
    9.98767793e-001 -4.03991304e-002 9.94864464e-001 -3.26446593e-002
    -9.58225131e-002</data></R>
<t type_id="opencv-matrix">
  <rows>3</rows>
  <cols>1</cols>
  <dt>f</dt>
  <data>
    1.60223675e+000 6.73518002e-001 9.22319174e-001</data></t>
</opencv_storage>
