<?xml version="1.0"?>
<opencv_storage>
<intrinsic type_id="opencv-matrix">
  <rows>3</rows>
  <cols>3</cols>
  <dt>f</dt>
  <data>
    525. 0. 320. 0. 525. 240. 0. 0. 1.</data></intrinsic>
<R type_id="opencv-matrix">
  <rows>3</rows>
  <cols>3</cols>
  <dt>f</dt>
  <data>
    -9.99410152e-001 -1.63260160e-003 3.43468711e-002 -3.99425300e-003
    9.97622788e-001 -6.88039064e-002 -3.41532789e-002 -6.89003393e-002
    -9.97039855e-001</data></R>
<t type_id="opencv-matrix">
  <rows>3</rows>
  <cols>1</cols>
  <dt>f</dt>
  <data>
    6.40674531e-001 7.00240850e-001 1.79147887e+000</data></t>
</opencv_storage>
