<?xml version="1.0"?>
<opencv_storage>
<intrinsic type_id="opencv-matrix">
  <rows>3</rows>
  <cols>3</cols>
  <dt>f</dt>
  <data>
    525. 0. 320. 0. 525. 240. 0. 0. 1.</data></intrinsic>
<R type_id="opencv-matrix">
  <rows>3</rows>
  <cols>3</cols>
  <dt>f</dt>
  <data>
    9.81192112e-001 -1.68881994e-002 -1.92303449e-001 1.79194622e-002
    9.99835610e-001 3.62351863e-003 1.92208618e-001 -7.00137764e-003
    9.81330931e-001</data></R>
<t type_id="opencv-matrix">
  <rows>3</rows>
  <cols>1</cols>
  <dt>f</dt>
  <data>
    8.37605476e-001 6.27352893e-001 -8.93773139e-002</data></t>
</opencv_storage>
