<?xml version="1.0"?>
<opencv_storage>
<intrinsic type_id="opencv-matrix">
  <rows>3</rows>
  <cols>3</cols>
  <dt>f</dt>
  <data>
    525. 0. 320. 0. 525. 240. 0. 0. 1.</data></intrinsic>
<R type_id="opencv-matrix">
  <rows>3</rows>
  <cols>3</cols>
  <dt>f</dt>
  <data>
    8.60636413e-001 -2.33974475e-002 -5.08686543e-001 2.46288665e-002
    9.99689817e-001 -4.31287754e-003 5.08626997e-001 -8.81650951e-003
    8.60943079e-001</data></R>
<t type_id="opencv-matrix">
  <rows>3</rows>
  <cols>1</cols>
  <dt>f</dt>
  <data>
    1.13556325e+000 6.35211170e-001 1.79941617e-002</data></t>
</opencv_storage>
