<?xml version="1.0"?>
<opencv_storage>
<intrinsic type_id="opencv-matrix">
  <rows>3</rows>
  <cols>3</cols>
  <dt>f</dt>
  <data>
    525. 0. 320. 0. 525. 240. 0. 0. 1.</data></intrinsic>
<R type_id="opencv-matrix">
  <rows>3</rows>
  <cols>3</cols>
  <dt>f</dt>
  <data>
    -5.73593199e-001 -2.07900386e-002 -8.18877995e-001 3.38442251e-002
    9.98223901e-001 -4.90498915e-002 8.18442643e-001 -5.58488071e-002
    -5.71870148e-001</data></R>
<t type_id="opencv-matrix">
  <rows>3</rows>
  <cols>1</cols>
  <dt>f</dt>
  <data>
    1.44126022e+000 6.82871044e-001 1.37527311e+000</data></t>
</opencv_storage>
