<?xml version="1.0"?>
<opencv_storage>
<intrinsic type_id="opencv-matrix">
  <rows>3</rows>
  <cols>3</cols>
  <dt>f</dt>
  <data>
    525. 0. 320. 0. 525. 240. 0. 0. 1.</data></intrinsic>
<R type_id="opencv-matrix">
  <rows>3</rows>
  <cols>3</cols>
  <dt>f</dt>
  <data>
    5.19723117e-001 -3.20088938e-002 -8.53737235e-001 3.03842705e-002
    9.99360085e-001 -1.89720877e-002 8.53796124e-001 -1.60798188e-002
    5.20361543e-001</data></R>
<t type_id="opencv-matrix">
  <rows>3</rows>
  <cols>1</cols>
  <dt>f</dt>
  <data>
    1.47240877e+000 6.50416911e-001 3.40512425e-001</data></t>
</opencv_storage>
