<?xml version="1.0"?>
<opencv_storage>
<intrinsic type_id="opencv-matrix">
  <rows>3</rows>
  <cols>3</cols>
  <dt>f</dt>
  <data>
    525. 0. 320. 0. 525. 240. 0. 0. 1.</data></intrinsic>
<R type_id="opencv-matrix">
  <rows>3</rows>
  <cols>3</cols>
  <dt>f</dt>
  <data>
    9.20630515e-001 1.99433081e-002 3.89924735e-001 -2.35279426e-002
    9.99713182e-001 4.41866508e-003 -3.89724821e-001 -1.32420873e-002
    9.20835853e-001</data></R>
<t type_id="opencv-matrix">
  <rows>3</rows>
  <cols>1</cols>
  <dt>f</dt>
  <data>
    2.50773042e-001 6.22628748e-001 -4.34117839e-002</data></t>
</opencv_storage>
