<?xml version="1.0"?>
<opencv_storage>
<intrinsic type_id="opencv-matrix">
  <rows>3</rows>
  <cols>3</cols>
  <dt>f</dt>
  <data>
    525. 0. 320. 0. 525. 240. 0. 0. 1.</data></intrinsic>
<R type_id="opencv-matrix">
  <rows>3</rows>
  <cols>3</cols>
  <dt>f</dt>
  <data>
    2.33532995e-001 -4.69400138e-002 -9.71216857e-001 4.56990525e-002
    9.98261809e-001 -3.72587554e-002 9.71275985e-001 -3.56823280e-002
    2.35271364e-001</data></R>
<t type_id="opencv-matrix">
  <rows>3</rows>
  <cols>1</cols>
  <dt>f</dt>
  <data>
    1.58045995e+000 6.68099523e-001 6.13790154e-001</data></t>
</opencv_storage>
