<?xml version="1.0"?>
<opencv_storage>
<intrinsic type_id="opencv-matrix">
  <rows>3</rows>
  <cols>3</cols>
  <dt>f</dt>
  <data>
    525. 0. 320. 0. 525. 240. 0. 0. 1.</data></intrinsic>
<R type_id="opencv-matrix">
  <rows>3</rows>
  <cols>3</cols>
  <dt>f</dt>
  <data>
    -5.18208981e-001 2.99781226e-002 8.54728401e-001 -3.23217511e-002
    9.97985899e-001 -5.45988083e-002 -8.54643166e-001 -5.59199601e-002
    -5.16196191e-001</data></R>
<t type_id="opencv-matrix">
  <rows>3</rows>
  <cols>1</cols>
  <dt>f</dt>
  <data>
    -1.58038050e-001 6.83998227e-001 1.34872448e+000</data></t>
</opencv_storage>
