<?xml version="1.0"?>
<opencv_storage>
<intrinsic type_id="opencv-matrix">
  <rows>3</rows>
  <cols>3</cols>
  <dt>f</dt>
  <data>
    525. 0. 320. 0. 525. 240. 0. 0. 1.</data></intrinsic>
<R type_id="opencv-matrix">
  <rows>3</rows>
  <cols>3</cols>
  <dt>f</dt>
  <data>
    -1.54251382e-001 3.51284109e-002 9.87407029e-001 -4.10420112e-002
    9.98278141e-001 -4.19266149e-002 -9.87178802e-001 -4.69924398e-002
    -1.52544215e-001</data></R>
<t type_id="opencv-matrix">
  <rows>3</rows>
  <cols>1</cols>
  <dt>f</dt>
  <data>
    -2.94346035e-001 6.71609640e-001 1.00449944e+000</data></t>
</opencv_storage>
