<?xml version="1.0"?>
<opencv_storage>
<intrinsic type_id="opencv-matrix">
  <rows>3</rows>
  <cols>3</cols>
  <dt>f</dt>
  <data>
    525. 0. 320. 0. 525. 240. 0. 0. 1.</data></intrinsic>
<R type_id="opencv-matrix">
  <rows>3</rows>
  <cols>3</cols>
  <dt>f</dt>
  <data>
    4.53049630e-001 -3.20812501e-002 -8.90909731e-001 2.87185088e-002
    9.99360561e-001 -2.13826131e-002 8.91024351e-001 -1.58980787e-002
    4.53679949e-001</data></R>
<t type_id="opencv-matrix">
  <rows>3</rows>
  <cols>1</cols>
  <dt>f</dt>
  <data>
    1.50639129e+000 6.52666748e-001 4.04288441e-001</data></t>
</opencv_storage>
