<?xml version="1.0"?>
<opencv_storage>
<intrinsic type_id="opencv-matrix">
  <rows>3</rows>
  <cols>3</cols>
  <dt>f</dt>
  <data>
    525. 0. 320. 0. 525. 240. 0. 0. 1.</data></intrinsic>
<R type_id="opencv-matrix">
  <rows>3</rows>
  <cols>3</cols>
  <dt>f</dt>
  <data>
    -4.38017994e-001 -1.65467411e-002 -8.98815215e-001 3.77582237e-002
    9.98611152e-001 -3.67845334e-002 8.98174644e-001 -5.00497594e-002
    -4.36784297e-001</data></R>
<t type_id="opencv-matrix">
  <rows>3</rows>
  <cols>1</cols>
  <dt>f</dt>
  <data>
    1.51409519e+000 6.70842171e-001 1.24322963e+000</data></t>
</opencv_storage>
