<?xml version="1.0"?>
<opencv_storage>
<intrinsic type_id="opencv-matrix">
  <rows>3</rows>
  <cols>3</cols>
  <dt>f</dt>
  <data>
    525. 0. 320. 0. 525. 240. 0. 0. 1.</data></intrinsic>
<R type_id="opencv-matrix">
  <rows>3</rows>
  <cols>3</cols>
  <dt>f</dt>
  <data>
    9.98802483e-001 8.75322497e-004 4.89168428e-002 -1.00962061e-003
    9.99995768e-001 2.72079790e-003 -4.89142463e-002 -2.76692701e-003
    9.98799026e-001</data></R>
<t type_id="opencv-matrix">
  <rows>3</rows>
  <cols>1</cols>
  <dt>f</dt>
  <data>
    5.80601752e-001 6.24048412e-001 -1.22881003e-001</data></t>
</opencv_storage>
