<?xml version="1.0"?>
<opencv_storage>
<intrinsic type_id="opencv-matrix">
  <rows>3</rows>
  <cols>3</cols>
  <dt>f</dt>
  <data>
    525. 0. 320. 0. 525. 240. 0. 0. 1.</data></intrinsic>
<R type_id="opencv-matrix">
  <rows>3</rows>
  <cols>3</cols>
  <dt>f</dt>
  <data>
    -2.86526054e-001 3.88772376e-002 9.57283199e-001 -3.47073749e-002
    9.98100042e-001 -5.09231649e-002 -9.57443535e-001 -4.78156544e-002
    -2.84632534e-001</data></R>
<t type_id="opencv-matrix">
  <rows>3</rows>
  <cols>1</cols>
  <dt>f</dt>
  <data>
    -2.62346983e-001 6.79982722e-001 1.13269770e+000</data></t>
</opencv_storage>
