<?xml version="1.0"?>
<opencv_storage>
<intrinsic type_id="opencv-matrix">
  <rows>3</rows>
  <cols>3</cols>
  <dt>f</dt>
  <data>
    525. 0. 320. 0. 525. 240. 0. 0. 1.</data></intrinsic>
<R type_id="opencv-matrix">
  <rows>3</rows>
  <cols>3</cols>
  <dt>f</dt>
  <data>
    8.21714520e-001 -3.10428124e-002 -5.69057405e-001 2.87335850e-002
    9.99504507e-001 -1.30335717e-002 5.69177508e-001 -5.64113352e-003
    8.22196603e-001</data></R>
<t type_id="opencv-matrix">
  <rows>3</rows>
  <cols>1</cols>
  <dt>f</dt>
  <data>
    1.19530833e+000 6.44441664e-001 4.97291200e-002</data></t>
</opencv_storage>
